Using 80 samples with 47 and sensor in front  took 6:40 for entire test. speed 14

RedBoot> go -c
asdfasdfasdf
787782
762914
750440
725494
725494
713020
713047
700574
700573
700573
700534
688114
700535
688048
688060
675601
688073
675586
675586
675613
688112
688113
688113
675640
675601
675574
675640
675615
675574
675627
675627
675601
675614
675640
675640
675654
675640
663141
663179
663179
663166
663179
675612
663180
675640
675653
675640
663128
663180
663181
663180
663180
663181
663152
663180
663179
663140
663152
663179
675653
663180
663180
663180
675640
663140
663167
663167
663140
663154
675640
663179
675653
663166
663140
663140
663167
663181
663140
663114
average was 678625.




asdfasdfasdf
675653
663180
663167
663179
650706
650706
663180
650693
663154
663180
650720
650679
650706
650640
650667
663180
650641
650679
average was 656928.







Using 80 samples with 47 and sensor in front took 7:05 for entire test. speed 11

 i
asdfasdfasdf
825227
787782
775348
762900
750428
750427
737968
737927
725480
725506
725507
725468
725507
725494
725481
725506
725494
713034
725493
725468
713034
713033
725507
725481
713046
713034
713034
713033
725494
713034
713033
713007
713034
713007
725493
713034
712968
713007
713034
712995
713059
713033
725507
725468
712967
713021
713034
713033
713034
713008
713033
713033
713034
713034
713007
713021
713034
713033
713033
725494
713061
713033
713034
713034
713033
713007
713048
713034
713033
713034
713047
713047
713020
713021
713047
713033
713046
713034
713034
average was 721232. 

Using 80 samples with 47 and sensor in back took  for entire test. speed 11:



725506
725508
725494
725493
713035
725533
725493
713034
713034
713047
713033
713035
713034
713007
725507
713034
725493
725508
713021
713046
712993
725494
713021
713046
713048
713034
725493
725494
713047
713035
713033
713034
725455
713033
713020
713021
713007
713046
713034
712968
713033
712968
712968
713006
713034
713034
712968
713007
712994
713047
725506
713061
712967
713034
713020
713008
713033
713006
712955
713033
713020
713033
713034
713021
713033
713034
713008
712993
713046
713034
713007
713033
713008
725507
713033
713034
713034
713020
725507
average was 715549.

Using 80 samples with 47 and sensor in back took  for entire test. speed 11:


asdfasdfasdf
725507
713033
713034
725508
725506
713021
713034
713033
713021
725507
713047
713047
713020
725506
725493
713021
713034
713007
725508
725507
713033
713047
713034
713033
725493
713048
713034
713033
725428
713021
713033
713047
713034
713034
713033
713034
713021
713033
713033
725495
713034
725507
713034
725495
713020
713034
713034
713020
713046
713034
712994
725493
713048
713048
713033
713033
713035
713034
713046
725507
713047
712993
713033
712994
713034
712993
725494
713047
713033
713007
713034
713061
713006
725468
713007
713033
713047
713034
713008
average was 715712.


Using 80 samples with 47 and sensor in front took  for entire test. speed 11:

iasdfasdfasdf
713034
713033
713034
712982
713060
713007
713034
700574
713034
713033
712968
713034
713033
712993
713007
700547
700533
712967
713007
712995
700533
700547
713034
713007
713033
712980
700547
700574
713033
713020
713007
713047
713020
713033
713007
713034
700507
713008
713008
712968
713020
700574
700573
713034
712993
713007
700547
712954
713006
713048
712968
713034
712967
700574
713034
713059
713006
700574
713034
713033
700573
713034
713008
713007
713059
712968
700534
712994
713033
700561
713034
713046
700534
713047
713034
713019
713035
713047
average was 710300.


Using 80 samples with 47 and sensor in front took  9:29 for entire test. speed 8:  train has been running for a while

asdfasdfasdf
987182
974830
987288
987302
987262
974830
974735
974816
974829
974830
974828
974828
974828
974803
974801
987262
974828
987236
987223
974802
974802
974801
974828
974801
974762
974829
974763
974802
974802
974829
974829
974749
974829
962368
974828
974828
974841
974828
974815
974815
974829
974788
974789
974788
974802
962302
974776
987288
974841
974829
974789
974762
974815
974829
974815
974802
974842
962355
962328
974762
974789
974788
974841
974762
974762
974828
974802
974828
974802
974828
974828
974788
974816
974801
974802
974816
974815
974790
962342
average was 975279.


Using 80 samples with 47 and sensor in back took   for entire test. speed 8:  train has been running for a while

asdfasdfasdf
987262
987196
987262
987288
987288
987302
987301
987301
987223
974802
974828
987262
987289
987289
987236
987302
987196
987289
987289
974828
987236
987289
974789
987223
974789
974802
974789
974788
974828
987301
974776
987236
987288
987262
987301
974789
987289
987235
974828
987275
987235
974843
987248
987196
974735
987262
974762
974829
987249
974815
987288
974762
987263
974802
987288
974788
974762
987288
974762
987223
974762
974815
987262
974829
987196
987276
974815
974736
987288
974802
974802
987262
974802
974815
987237
987275
974815
974841
average was 981989.



