B4 in first byte


12460
12473
12460
12461
12473
12460
12460
12474
12460
12460
12460
12473
12461
12460
12474
12460
12460
12460
12474
12460
12472
12460
12460
12474
12460
12461
12473
12460
12474
12460
12460
12461
12473
12460
12460
12474
12460
12473
12460
12474
12473
12474
12473
12460
12474
12460
12460
12473
12460
12460
12474
12460
12460
12473
12461
12460
12473
12460
12459
12474
12460
12460
12473
12461
12473
12460
12460
12474
12460
12460
12473
12460
12474
12473
12474
12473
12460
12473
12461
12460
12473
12460
12460
12474
12460
12473
12460
12461
12473
12460
12460
12474
12460
12460
12473
12460
12474
12473
12474


B15 in second byte

12699
12698
12699
12698
12699
12685
12699
12698
12699
12698
12685
12698
12473
12698
12699
12698
12699
12460
12698
12699
12473
12698
12699
12698
12699
12460
12698
12699
12698
12686
12698
12699
12698
12699
12685
12698
12699
12698
12699
12685
12698
12699
12699
12685
12698
12699
12698
12699
12684
12698
12699
12698
12699
12685
12698
12699
12698
12699
12685
12699
12698
12699
12685
12698
12699
12698
12699
12685
12698
12699
12699
12698
12685
12699
12698
12699
12685
12698
12699
12698
12699
12685
12699
12698
12698
12699
12685
12699
12697
12699
12698
12685
12699
12698
12699
12685
12699
12698
12699


A15 with batch method

31184
31197
31196
31210
31169
31197
31197
31183
31197
31197
31196
31184
31196
31197
31184
31196
31197
31210
31170
31197
31197
31196
31197
31183
31196
31197
31183
31197
31197
31210
31170
31197
31196
31184
31196
31197
31210
31170
31197
31195
31184
31197
31196
31210
31170
31197
31197
31183
31197
31197
31210
31170
31196
31197
31184
31196
31196
31210
31170
31197
31210
31170
31197
31196
31184
31196
31197
31197
31183
31197
31197
31183
31196
31196
31197
31184
31196
31197
31184
31196
31197
31197
31183
31197
31196
31184
31197
31196
31209
31170
31197
31197
31183
31197
31197
31209
31171
31196
31197



E5 last byte

31409
31408
31409
31408
31409
31408
31409
31422
31408
31409
31408
31409
31408
31409
31407
31409
31409
31408
31409
31421
31409
31409
31408
31409
31408
31409
31408
31409
31409
31408
31421
31408
31409
31408
31409
31409
31408
31409
31408
31409
31408
31409
31422
31408
31409
31408
31408
31408
31409
31409
31408
31409
31408
31409
31422
31408
31409
31408
31409
31408
31409
31408
31408
31409
31408
31409
31421
31409
31409
31408
31409
31408
31409
31408
31409
31408
31409
31408
31422
31408
31408
31409
31408
31409
31409
31408
31409
31408
31409
31408
31422
31409
31408
31409
31408
31408
31408
31409
31408
